 8 6 3 | 7 1 5 | 4 2 9
 6 8 5 | 4 2 9 | 1 7 3
 2 4 9 | 1 6 7 | 3 5 8
 ------|-------|------
 7 3 2 | 6 5 1 | 8 9 4
 4 5 1 | 9 7 8 | 0 6 2
 9 7 8 | 2 4 6 | 5 3 1
 ------|-------|------
 1 2 7 | 3 8 0 | 9 4 5
 3 1 6 | 5 9 4 | 2 8 7
 5 9 4 | 8 3 2 | 7 1 6


 8 6   |       |   2  
     5 |   2   |   7  
 2   9 |       |   5 8
 ------|-------|------
       |       |      
 4 5 1 |     8 |   6  
   7   |   4 6 | 5    
 ------|-------|------
       |   8 0 | 9 4 5
 3 1 6 |       |      
 5 9   |       |   1 6
