 5 1 8 | 7 3 6 | 9 4 2
 2 4 5 | 8 7 3 | 6 9 1
 8 2 1 | 3 4 5 | 7 6 9
 ------|-------|------
 4 8 6 | 1 9 2 | 5 3 0
 9 6 4 | 5 1 7 | 2 8 3
 1 5 3 | 6 2 9 | 4 0 7
 ------|-------|------
 7 3 2 | 9 6 8 | 1 5 4
 6 9 7 | 2 5 4 | 3 1 8
 3 7 9 | 4 8 1 | 0 2 5


       |     6 |      
       |   7 3 |      
       |   4   |      
 ------|-------|------
   8   |   9   |     0
       |       |      
       | 6     |      
 ------|-------|------
   3   | 9     | 1    
       |       |      
 3 7 9 |       | 0   5
