 5 8 9 | 4 2 1 | 3 7 6
 8 6 2 | 5 4 7 | 9 1 3
 1 5 7 | 6 3 4 | 2 9 8
 ------|-------|------
 9 3 8 | 7 6 2 | 1 4 5
 2 9 4 | 3 7 5 | 8 6 1
 4 2 6 | 8 1 3 | 7 5 9
 ------|-------|------
 3 4 1 | 9 5 8 | 6 0 2
 6 1 5 | 2 8 9 | 4 3 7
 0 7 3 | 1 9 6 | 5 8 4


       |       |      
       | 5     |      
       |     4 |      
 ------|-------|------
 9     |       |      
   9   |       |     1
       |       |      
 ------|-------|------
     1 |     8 |   0  
       | 2     |     7
       |   9   | 5 8  
