 6 1 2 | 4 7 9 | 3 8 5
 2 7 6 | 8 3 1 | 4 5 9
 3 4 7 | 5 1 6 | 8 9 2
 ------|-------|------
 5 6 8 | 2 9 4 | 1 7 3
 0 5 9 | 3 8 7 | 2 1 4
 1 9 4 | 6 5 2 | 7 3 8
 ------|-------|------
 7 8 5 | 1 4 3 | 9 2 6
 4 2 1 | 9 6 8 | 5 0 7
 8 0 3 | 7 2 5 | 6 4 1


 6     | 4   9 |      
   7   |     1 |   5  
 3 4   |   1   |   9 2
 ------|-------|------
 5     | 2 9   | 1 7 3
 0   9 | 3 8   | 2    
 1   4 | 6     |      
 ------|-------|------
       |     3 | 9    
   2   |       |      
       |       | 6   1
